1 295 74
2 425 113
3 584 163
4 828 247
5 1162 378
6 1418 579
7 1369 832
8 953 1186
9 493 1554
10 174 1723
11 42 1588
12 13 1291
13 3 910
14 4 606
15 4 395
16 4 270
17 4 147
18 3 89
19 5 49
20 7 24
21 10 10
22 14 4
23 22 3
24 34 5
25 48 4
26 72 4
27 110 6
28 152 7
29 203 10
30 295 3
31 421 6
32 568 10
33 745 18
34 928 23
35 1126 35
36 1317 52
37 1421 72
38 1531 93
39 1578 112
40 1549 153
41 1500 169
42 1433 178
43 1321 204
44 1218 213
45 1199 219
46 1066 244
47 883 278
48 648 309
49 391 310
50 317 277
51 273 195
52 263 143
53 261 91
54 264 63
55 297 52
56 322 52
57 354 35
58 410 40
59 438 17
60 506 9
61 553 10
62 559 9
63 559 13
64 557 9
65 618 14
66 636 13
67 623 9
68 545 14
69 460 11
70 405 10
71 367 5
72 313 4
73 307 3
74 291 2
75 302 3
76 339 5
77 376 4
78 416 5
79 466 7
80 488 2
81 511 0
82 520 0
83 506 0
84 476 0
85 473 0
86 482 0
87 487 0
88 428 0
89 375 0
90 337 0
91 272 0
92 296 0
93 276 0
94 301 0
95 332 0
96 363 0
97 390 0
98 407 0
99 441 0
100 500 0
